Time,Volt_Generator,Volt_Detektor
39.14216589,10.91105,3.844427
39.24626988,10.73511,3.931779
39.35037388,10.73511,3.931779
39.45447787,10.55918,3.931779
39.55858187,10.55918,4.019131
39.66268586,10.38324,4.019131
39.76678986,10.38324,3.931779
39.87089385,10.20669,3.844427
39.97499785,10.20669,3.757074
40.07910184,10.03076,3.58237
40.18320583,10.03076,3.407665
40.28730983,9.854823,3.145608
40.39141382,9.854823,2.970595
40.49551782,9.678887,2.621186
40.59962181,9.678887,2.446481
40.70372581,9.502953,2.184424
40.8078298,9.502953,1.834707
40.91193379,9.327018,1.660002
41.01603779,9.327018,1.397945
41.12014178,9.151083,1.223241
41.22424578,9.151083,1.048536
41.32834977,8.975147,0.8735236
41.43245377,8.975147,0.6988189
41.53655776,8.799212,0.6114665
41.64066176,8.799212,0.5241142
41.74476575,8.623278,0.5241142
41.84886974,8.623278,0.4367618
41.95297374,8.447343,0.4367618
42.05707773,8.447343,0.4367618
42.16118173,8.271407,0.4367618
42.26528572,8.271407,0.5241142
42.36938972,8.271407,0.6988189
42.47349371,8.094857,0.8735236
42.5775977,7.918922,1.135888
42.6817017,7.918922,1.397945
42.78580569,7.918922,1.747355
42.88990969,7.742987,2.097072
42.99401368,7.742987,2.446481
43.09811768,7.567052,2.795891
43.20222167,7.567052,3.145608
43.30632567,7.391117,3.495017
43.41042966,7.391117,3.844427
43.51453365,7.215182,4.194144
43.61863765,7.215182,4.543553
43.72274164,7.039247,4.892962
43.82684564,7.039247,5.155327
43.93094963,6.863312,5.504737
44.03505363,6.863312,5.679441
44.13915762,6.687377,5.941498
44.24326162,6.687377,6.116511
44.34736561,6.511442,6.291215
44.4514696,6.511442,6.378568
44.5555736,6.335507,6.378568
44.65967759,6.335507,6.378568
44.76378159,6.159572,6.378568
44.86788558,6.159572,6.203863
44.97198958,5.983022,6.028851
45.07609357,5.983022,5.854146
45.18019756,5.807086,5.592089
45.28430156,5.807086,5.24268
45.38840555,5.631152,4.892962
45.49250955,5.631152,4.543553
45.59661354,5.455216,4.106791
45.70071754,5.455216,3.757074
45.80482153,5.455216,3.320313
45.90892553,5.279282,2.970595
46.01302952,5.103346,2.621186
46.11713351,5.103346,2.271777
46.22123751,4.927412,1.92206
46.3253415,4.927412,1.57265
46.4294455,4.751476,1.310593
46.53354949,4.751476,1.048536
46.63765349,4.751476,0.960876
46.74175748,4.575541,0.8735236
46.84586147,4.575541,0.8735236
46.94996547,4.399606,0.960876
47.05406946,4.399606,1.223241
47.15817346,4.223671,1.57265
47.26227745,4.223671,2.097072
47.36638145,4.047121,2.533834
47.47048544,4.047121,3.145608
47.57458944,3.871186,3.669722
47.67869343,3.871186,4.194144
47.78279742,3.695251,4.630906
47.88690142,3.695251,5.067667
47.99100541,3.519316,5.330032
48.09510941,3.519316,5.592089
48.1992134,3.343381,5.854146
48.3033174,3.343381,6.028851
48.40742139,3.167446,6.116511
48.51152539,3.167446,6.203863
48.61562938,2.991511,6.203863
48.71973337,2.991511,6.291215
48.82383737,2.815576,6.203863
48.92794136,2.815576,6.116511
49.03204536,2.639641,5.941498
49.13614935,2.639641,5.679441
49.24025335,2.463706,5.417384
49.34435734,2.463706,5.067667
49.44846133,2.463706,4.630906
49.55256533,2.287771,4.106791
49.65666932,2.111836,3.58237
49.76077332,2.111836,3.058255
49.86487731,2.111836,2.533834
49.96898131,1.935285,2.097072
