,Frequency,Volt_Generator,Volt_Detektor
0,0.10316799,0.5278051,4.80561
1,0.20727199,0.5278051,4.80561
2,0.31137598,0.7037402,4.892962
3,0.41547998,0.7037402,5.067667
4,0.51958397,0.8796752,5.24268
5,0.62368797,0.8796752,5.504737
6,0.72779196,1.05561,5.679441
7,0.83189596,1.05561,5.941498
8,0.93599995,1.231545,6.028851
9,1.04010394,1.231545,6.203863
10,1.14420794,1.40748,6.291215
11,1.24831193,1.40748,6.46592
12,1.35241593,1.40748,6.46592
13,1.45651992,1.583415,6.46592
14,1.56062392,1.75935,6.46592
15,1.66472791,1.75935,6.378568
16,1.7688319,1.75935,6.291215
17,1.8729359,1.935285,6.028851
18,1.97703989,1.935285,5.766794
19,2.08114389,2.111836,5.417384
20,2.18524788,2.111836,5.067667
21,2.28935188,2.287771,4.543553
22,2.39345587,2.287771,4.106791
23,2.49755987,2.463706,3.58237
24,2.60166386,2.463706,3.058255
25,2.70576785,2.639641,2.533834
26,2.80987185,2.639641,2.097072
27,2.91397584,2.815576,1.747355
28,3.01807984,2.815576,1.397945
29,3.12218383,2.991511,1.223241
30,3.22628783,2.991511,1.135888
31,3.33039182,3.167446,1.135888
32,3.43449581,3.167446,1.135888
33,3.53859981,3.343381,1.397945
34,3.6427038,3.343381,1.660002
35,3.7468078,3.519316,2.097072
36,3.85091179,3.519316,2.446481
37,3.95501579,3.695251,2.970595
38,4.05911978,3.695251,3.407665
39,4.16322378,3.695251,3.844427
40,4.26732777,3.871186,4.368848
41,4.37143176,3.871186,4.80561
42,4.47553576,4.047121,5.155327
43,4.57963975,4.047121,5.504737
44,4.68374375,4.223671,5.766794
45,4.78784774,4.223671,6.028851
46,4.89195174,4.399606,6.203863
47,4.99605573,4.399606,6.378568
48,5.10015973,4.575541,6.46592
49,5.20426372,4.575541,6.553273
50,5.30836771,4.751476,6.553273
51,5.41247171,4.751476,6.46592
52,5.5165757,4.927412,6.378568
53,5.6206797,4.927412,6.291215
54,5.72478369,4.927412,6.028851
55,5.82888769,5.103346,5.766794
56,5.93299168,5.103346,5.504737
57,6.03709567,5.279282,5.155327
58,6.14119967,5.279282,4.718258
59,6.24530366,5.455216,4.194144
60,6.34940766,5.455216,3.669722
61,6.45351165,5.631152,3.145608
62,6.55761565,5.631152,2.708538
63,6.66171964,5.807086,2.271777
64,6.76582364,5.807086,1.834707
65,6.86992763,5.983022,1.485298
66,6.97403162,5.983022,1.310593
67,7.07813562,6.159572,1.223241
68,7.18223961,6.159572,1.135888
69,7.28634361,6.335507,1.310593
70,7.3904476,6.335507,1.57265
71,7.4945516,6.511442,1.92206
72,7.59865559,6.511442,2.271777
73,7.70275958,6.687377,2.795891
74,7.80686358,6.687377,3.320313
75,7.91096757,6.687377,3.844427
76,8.01507157,6.863312,4.368848
77,8.11917556,7.039247,4.80561
78,8.22327956,7.039247,5.24268
79,8.32738355,7.215182,5.679441
80,8.43148755,7.215182,5.941498
81,8.53559154,7.215182,6.116511
82,8.63969553,7.391117,6.378568
83,8.74379953,7.391117,6.553273
84,8.84790352,7.567052,6.640625
85,8.95200752,7.567052,6.640625
86,9.05611151,7.742987,6.640625
87,9.16021551,7.742987,6.553273
88,9.2643195,7.918922,6.46592
89,9.3684235,7.918922,6.378568
90,9.47252749,8.094857,6.203863
91,9.57663148,8.094857,5.941498
92,9.68073548,8.271407,5.679441
93,9.78483947,8.271407,5.417384
94,9.88894347,8.271407,5.067667
95,9.99304746,8.447343,4.718258
96,10.09715146,8.623278,4.368848
97,10.20125545,8.623278,4.019131
98,10.30535944,8.623278,3.58237
99,10.40946344,8.799212,3.23296
100,10.51356743,8.799212,2.795891
101,10.61767143,8.975147,2.446481
102,10.72177542,8.975147,2.184424
103,10.82587942,9.151083,1.92206
104,10.92998341,9.151083,1.57265
105,11.03408741,9.327018,1.310593
106,11.1381914,9.327018,1.048536
107,11.24229539,9.502953,0.960876
108,11.34639939,9.502953,0.7861713
109,11.45050338,9.678887,0.6988189
110,11.55460738,9.678887,0.6114665
111,11.65871137,9.678887,0.6988189
112,11.76281537,9.854823,0.6988189
113,11.86691936,9.854823,0.8735236
114,11.97102335,10.03076,1.048536
115,12.07512735,10.03076,1.310593
116,12.17923134,10.20669,1.660002
117,12.28333534,10.20669,2.097072
118,12.38743933,10.38324,2.446481
119,12.49154333,10.38324,2.883243
120,12.59564732,10.55918,3.320313
121,12.69975132,10.55918,3.757074
122,12.80385531,10.73511,4.106791
123,12.9079593,10.73511,4.368848
