Time,Volt_Generator,Volt_Detektor
13.0120633,10.91105,4.630906
13.11616729,10.73511,4.80561
13.22027129,10.73511,5.067667
13.32437528,10.55918,5.155327
13.42847928,10.55918,5.330032
13.53258327,10.38324,5.417384
13.63668726,10.38324,5.504737
13.74079126,10.20669,5.504737
13.84489525,10.20669,5.504737
13.94899925,10.03076,5.417384
14.05310324,10.03076,5.24268
14.15720724,9.854823,5.155327
14.26131123,9.854823,4.892962
14.36541523,9.678887,4.718258
14.46951922,9.678887,4.368848
14.57362321,9.502953,4.106791
14.67772721,9.502953,3.757074
14.7818312,9.327018,3.495017
14.8859352,9.327018,3.145608
14.99003919,9.151083,2.795891
15.09414319,9.151083,2.446481
15.19824718,8.975147,2.097072
15.30235118,8.975147,1.747355
15.40645517,8.799212,1.397945
15.51055916,8.799212,1.223241
15.61466316,8.799212,0.960876
15.71876715,8.623278,0.7861713
15.82287115,8.447343,0.7861713
15.92697514,8.447343,0.6988189
16.03107914,8.447343,0.6988189
16.13518313,8.271407,0.7861713
16.23928712,8.271407,0.8735236
16.34339112,8.094857,0.960876
16.44749511,8.094857,1.135888
16.55159911,7.918922,1.397945
16.6557031,7.918922,1.660002
16.7598071,7.742987,1.834707
16.86391109,7.742987,2.184424
16.96801509,7.567052,2.446481
17.07211908,7.567052,2.795891
17.17622307,7.391117,3.058255
17.28032707,7.391117,3.407665
17.38443106,7.215182,3.757074
17.48853506,7.215182,4.106791
17.59263905,7.039247,4.456201
17.69674305,7.039247,4.718258
17.80084704,6.863312,5.067667
17.90495103,6.863312,5.330032
18.00905503,6.687377,5.592089
18.11315902,6.687377,5.766794
18.21726302,6.511442,6.028851
18.32136701,6.511442,6.203863
18.42547101,6.335507,6.378568
18.529575,6.335507,6.46592
18.633679,6.159572,6.553273
18.73778299,6.159572,6.553273
18.84188698,5.983022,6.553273
18.94599098,5.983022,6.553273
19.05009497,5.983022,6.46592
19.15419897,5.807086,6.378568
19.25830296,5.631152,6.203863
19.36240696,5.631152,5.941498
19.46651095,5.455216,5.679441
19.57061495,5.455216,5.330032
19.67471894,5.455216,4.980315
19.77882293,5.279282,4.543553
19.88292693,5.279282,4.106791
19.98703092,5.103346,3.58237
20.09113492,5.103346,3.145608
20.19523891,4.927412,2.621186
20.29934291,4.927412,2.184424
20.4034469,4.751476,1.834707
20.50755089,4.751476,1.485298
20.61165489,4.575541,1.223241
20.71575888,4.575541,1.048536
20.81986288,4.399606,0.960876
20.92396687,4.399606,0.960876
21.02807087,4.223671,1.048536
21.13217486,4.223671,1.135888
21.23627886,4.047121,1.310593
21.34038285,4.047121,1.57265
21.44448684,3.871186,1.92206
21.54859084,3.871186,2.271777
21.65269483,3.695251,2.708538
21.75679883,3.695251,3.145608
21.86090282,3.519316,3.58237
21.96500682,3.519316,4.019131
22.06911081,3.343381,4.456201
22.1732148,3.343381,4.892962
22.2773188,3.167446,5.330032
22.38142279,3.167446,5.592089
22.48552679,3.167446,5.766794
22.58963078,2.991511,5.941498
22.69373478,2.815576,5.941498
22.79783877,2.815576,5.766794
22.90194277,2.639641,5.679441
23.00604676,2.639641,5.330032
23.11015075,2.463706,4.892962
23.21425475,2.463706,4.456201
23.31835874,2.463706,3.931779
23.42246274,2.287771,3.320313
23.52656673,2.111836,2.883243
23.63067073,2.111836,2.359129
23.73477472,2.111836,1.92206
23.83887872,1.935285,1.57265
23.94298271,1.935285,1.397945
24.0470867,1.75935,1.223241
24.1511907,1.75935,1.223241
24.25529469,1.583415,1.223241
24.35939869,1.583415,1.397945
24.46350268,1.40748,1.57265
24.56760668,1.40748,1.92206
24.67171067,1.231545,2.271777
24.77581466,1.231545,2.708538
24.87991866,1.05561,3.145608
24.98402265,1.05561,3.58237
25.08812665,0.8796752,4.019131
25.19223064,0.8796752,4.543553
25.29633464,0.7037402,4.892962
25.40043863,0.7037402,5.330032
25.50454263,0.7037402,5.592089
25.60864662,0.5278051,5.854146
25.71275061,0.5278051,5.854146
25.81685461,0.3518701,5.941498
