Time,Volt_Generator,Volt_Detektor
25.9209586,0.175935,5.766794
26.0250626,0.3518701,5.504737
26.12916659,0.5278051,5.24268
26.23327059,0.5278051,5.155327
26.33737458,0.5278051,5.155327
26.44147857,0.7037402,5.330032
26.54558257,0.7037402,5.504737
26.64968656,0.8796752,5.679441
26.75379056,0.8796752,5.941498
26.85789455,1.05561,6.116511
26.96199855,1.05561,6.291215
27.06610254,1.231545,6.46592
27.17020654,1.231545,6.553273
27.27431053,1.40748,6.553273
27.37841452,1.40748,6.640625
27.48251852,1.583415,6.553273
27.58662251,1.583415,6.46592
27.69072651,1.75935,6.378568
27.7948305,1.75935,6.203863
27.8989345,1.935285,6.028851
28.00303849,1.935285,5.766794
28.10714248,2.111836,5.504737
28.21124648,2.111836,5.24268
28.31535047,2.111836,4.892962
28.41945447,2.287771,4.543553
28.52355846,2.287771,4.106791
28.62766246,2.463706,3.669722
28.73176645,2.463706,3.23296
28.83587045,2.639641,2.708538
28.93997444,2.639641,2.271777
29.04407843,2.815576,1.92206
29.14818243,2.815576,1.57265
29.25228642,2.991511,1.310593
29.35639042,2.991511,1.135888
29.46049441,2.991511,1.048536
29.56459841,3.167446,0.960876
29.6687024,3.343381,1.048536
29.7728064,3.343381,1.310593
29.87691039,3.519316,1.57265
29.98101438,3.519316,2.009412
30.08511838,3.695251,2.533834
30.18922237,3.695251,3.058255
30.29332637,3.871186,3.58237
30.39743036,3.871186,4.194144
30.50153436,3.871186,4.630906
30.60563835,4.047121,5.155327
30.70974234,4.047121,5.504737
30.81384634,4.223671,5.766794
30.91795033,4.223671,5.941498
31.02205433,4.399606,6.116511
31.12615832,4.399606,6.203863
31.23026232,4.575541,6.203863
31.33436631,4.575541,6.116511
31.43847031,4.751476,6.028851
31.5425743,4.751476,5.766794
31.64667829,4.927412,5.592089
31.75078229,4.927412,5.24268
31.85488628,5.103346,4.892962
31.95899028,5.103346,4.543553
32.06309427,5.279282,4.106791
32.16719827,5.279282,3.669722
32.27130226,5.279282,3.23296
32.37540625,5.455216,2.795891
32.47951025,5.455216,2.359129
32.58361424,5.631152,1.92206
32.68771824,5.631152,1.660002
32.79182223,5.807086,1.397945
32.89592623,5.983022,1.135888
33.00003022,5.983022,0.960876
33.10413422,5.983022,0.7861713
33.20823821,6.159572,0.7861713
33.3123422,6.159572,0.8735236
33.4164462,6.335507,1.048536
33.52055019,6.335507,1.223241
33.62465419,6.511442,1.57265
33.72875818,6.511442,1.92206
33.83286218,6.687377,2.359129
33.93696617,6.687377,2.795891
34.04107017,6.863312,3.320313
34.14517416,6.863312,3.757074
34.24927815,7.039247,4.194144
34.35338215,7.039247,4.718258
34.45748614,7.039247,5.067667
34.56159014,7.215182,5.417384
34.66569413,7.215182,5.766794
34.76979813,7.391117,6.028851
34.87390212,7.391117,6.203863
34.97800611,7.567052,6.378568
35.08211011,7.567052,6.46592
35.1862141,7.742987,6.553273
35.2903181,7.742987,6.553273
35.39442209,7.918922,6.46592
35.49852609,7.918922,6.378568
35.60263008,8.094857,6.291215
35.70673408,8.094857,6.116511
35.81083807,8.271407,5.941498
35.91494206,8.271407,5.766794
36.01904606,8.447343,5.592089
36.12315005,8.447343,5.330032
36.22725405,8.623278,5.155327
36.33135804,8.623278,4.80561
36.43546204,8.623278,4.456201
36.53956603,8.799212,4.019131
36.64367002,8.799212,3.58237
36.74777402,8.975147,3.145608
36.85187801,9.151083,2.621186
36.95598201,9.151083,2.184424
37.060086,9.151083,1.834707
37.16419,9.327018,1.485298
37.26829399,9.327018,1.310593
37.37239799,9.502953,1.135888
37.47650198,9.502953,1.048536
37.58060597,9.678887,1.048536
37.68470997,9.678887,1.135888
37.78881396,9.854823,1.310593
37.89291796,9.854823,1.485298
37.99702195,10.03076,1.660002
38.10112595,10.03076,1.834707
38.20522994,10.03076,2.097072
38.30933394,10.20669,2.359129
38.41343793,10.20669,2.621186
38.51754192,10.38324,2.883243
38.62164592,10.38324,3.058255
38.72574991,10.55918,3.320313
38.82985391,10.55918,3.495017
38.9339579,10.73511,3.669722
39.0380619,10.73511,3.757074
